{
    LeftKegId:0
    RightKegId:1
}
{
    BeerId:0
    DateBought:8/12/18
    Id:0
    LitersCapacity:18.92700
    Price:93.00000
    WarmestTemp:72.00000
}
{
    BeerId:1
    DateBought:8/12/18
    Id:1
    LitersCapacity:18.92700
    Price:105.00000
    WarmestTemp:72.00000
}

